276
115
423
378
151
131
22
391
174
285
377
340
82
221
212
362
15
209
123
166
164
105
301
204
12
205
325
79
185
17
43
139
84
284
122
251
5
104
33
284
13
251
311
358
191
250
433
4
41
144
27
141
90
126
421
141
133
420
260
315
130
108
474
205
107
19
407
468
390
191
124
464
337
93
158
279
364
188
0
433
4
245
138
305
21
202
99
204
439
147
464
480
431
320
399
400
4
274
464
413
48
45
0
15
48
4
306
502
103
172
276
314
0
181
241
471
112
102
317
101
70
75
25
426
317
433
45
94
373
141
89
211
473
0
368
463
18
418
172
4
274
329
239
234
1
530
173
3
267
3
278
157
54
3
327
89
67
1
453
474
152
155
122
81
359
325
209
75
547
28
426
450
390
189
60
468
75
315
47
14
569
4
424
352
323
116
245
337
420
86
15
139
315
20
80
44
128
117
103
190
43
2
37
326
41
382
61
238
402
139
335
47
217
365
365
17
131
248
18
113
360
287
288
281
207
14
203
254
288
279
317
281
120
379
227
0
56
274
2
56
88
23
0
34
411
92
143
108
144
1
342
21
548
23
541
24
314
266
406
26
132
290
404
81
154
49
20
242
65
6
256
110
32
161
104
31
325
34
149
7
6
563
302
50
229
0
108
233
24
360
16
45
52
2
3
272
112
82
255
93
53
364
189
114
280
12
0
39
34
61
62
120
32
1
78
73
293
0
426
36
165
53
48
3
2
378
12
44
9
4
137
495
356
242
8
28
0
12
2
68
0
83
94
22
0
364
173
377
128
12
8
335
86
187
297
34
209
2
122
138
119
45
67
26
0
36
374
393
29
111
321
1
0
0
69
30
244
16
455
353
36
7
6
14
141
2
1
37
80
11
28
57
263
0
151
401
264
211
4
282
272
71
25
30
74
12
27
0
36
142
11
25
38
8
0
143
3
18
10
402
7
120
105
255
218
5
4
34
406
45
210
27
0
302
6
423
491
396
104
61
13
6
0
53
6
21
50
16
23
2
9
8
157
107
227
86
373
59
48
64
0
281
62
3
97
2
91
9
6
21
91
526
1
15
314
18
28
40
0
49
189
8
16
7
